900534,800569
900535,800570
900536,800571
900537,800572
900538,800573
900539,800574
900540,800575
900643,800684
900644,800685
900645,800686
900646,800687
900647,800688
900648,800689
900719,800760
900720,800761
900721,800762
900722,800763
900762,800805
900779,800829
900784,800834
900785,800835
900786,800836
900787,800837
901060,801110
901061,801111
901062,801112
901063,801113
901377,801492
901378,801493
901379,801494
901380,801495
901381,801496
901382,801497
901383,801498
901384,801499
901385,801500
901386,801501
901413,801533
901414,801534
901449,801571
901450,801572
901451,801573
901452,801574
901467,801589
901468,801590
901469,801591
901470,801592
901471,801593
901723,801889
901724,801890
901725,801891
901726,801892
901727,801893
901801,802038
901814,802057
901815,802060
901832,802091
901833,802094
901866,802143
901882,802176
901883,802177
901889,802204
901890,802205
901891,802206
902062,802573
902071,802588
902072,802593
902074,802591
902080,802610
902081,802611
902082,802617
902083,802618
902106,802685
902107,802686
902108,802687
902109,802689
902110,802690
902118,802723
902119,802724
902120,802732
902121,802733
902122,802734
902123,802739
902124,802740
902288,802942
902289,802949
902290,802950
902291,802951
902292,802952
902293,802953
902371,803031
903108,803510
903110,803511
